.MDS 0.95

DefineEnum "ENU" "TESTD" 20
DefineBlock 0x1000 "MyBlock"
DefineCommand 0x1000 "OrgCmd1" int string float
BlindData "BlindData" 200 1953719668 1635017060 0

Model "player_root_Model" {
	BoundingBox -60.672352 -0.106598 -13.745892 70.240303 175.387939 17.101328
	
	

	
	
	
	Bone "player_root_Bone" {
		Translate 0.000000 0.000000 0.000000
		RotateZYX 0.000000 0.000000 3.141593
		Scale 1.000000 1.000000 1.000000
	}
	Bone "Bip01_Bone" {
		ParentBone "player_root_Bone"
		Translate 0.000002 -92.029663 1.589943
		RotateZYX 0.000000 1.570795 0.000000
		Scale 1.000000 1.000000 1.000000
	}
	Bone "Bip01 Footsteps_Bone" {
		ParentBone "Bip01_Bone"
		Translate 0.000000 92.123436 0.000000
		RotateZYX 0.000000 -1.570795 0.000000
		Scale 1.000000 1.000000 1.000000
		
		
	}
	Bone "Bip01 Pelvis_Bone" {
		ParentBone "Bip01_Bone"
		Translate -2.261381 6.567253 -0.000000
		RotateZYX -1.570795 0.000001 -1.570796
		Scale 1.000000 1.000000 1.000000
	}
	Bone "Bip01 Spine_Bone" {
		ParentBone "Bip01 Pelvis_Bone"
		Translate 0.045975 -0.000000 -0.000125
		RotateZYX -0.000004 -0.000796 -0.000001
		Scale 1.000000 1.000000 1.000000
	}
	Bone "Bip01 Spine1_Bone" {
		ParentBone "Bip01 Spine_Bone"
		Translate 0.161374 0.000000 -0.013634
		RotateZYX 0.000000 -0.000000 0.000000
		Scale 1.000000 1.000000 1.000000
	}
	Bone "Bip01 Spine2_Bone" {
		ParentBone "Bip01 Spine1_Bone"
		Translate 17.120300 0.000000 -0.012173
		RotateZYX 0.000000 0.139907 0.000000
		Scale 1.000000 1.000000 1.000000
		BlindData "per3Helper" 0 1077976280 -1091486481 1082806910 1055758024 -1091725590 1057527316 1057527333 0 0
	}
	Bone "Bip01 Spine3_Bone" {
		ParentBone "Bip01 Spine2_Bone"
		Translate 15.440725 0.000000 -0.013592
		RotateZYX 0.000000 -0.139885 -0.000000
		Scale 1.000000 1.000000 1.000000
	}
	Bone "Bip01 Neck_Bone" {
		ParentBone "Bip01 Spine3_Bone"
		Translate 20.309307 -0.000000 -0.936946
		RotateZYX 0.000000 -0.071440 -0.000000
		Scale 1.000000 1.000000 1.000000
	}
	Bone "Bip01 Neck1_Bone" {
		ParentBone "Bip01 Neck_Bone"
		Translate 0.577371 0.000000 -0.004689
		RotateZYX 0.000000 -0.127982 -0.000000
		Scale 1.000000 1.000000 1.000000
	}
	Bone "Bip01 Head_Bone" {
		ParentBone "Bip01 Neck1_Bone"
		Translate 5.936235 0.000000 -0.000001
		RotateZYX 0.000000 0.132095 0.000000
		Scale 1.000000 1.000000 1.000000
		BlindData "per3Helper" 3 1098063546 -1049660625 1083595576 0 -1086647362 0 1060028530 0 0
		BlindData "per3Helper" 2 1107861418 -1207826945 1086720234 -1090238324 1057245324 -1091099901 -1091099934 0 0
	}
	Bone "Bip01 HeadNub_Bone" {
		ParentBone "Bip01 Head_Bone"
		Translate 28.654846 0.000000 0.000001
		RotateZYX -0.000000 -0.000000 0.000000
		Scale 1.000000 1.000000 1.000000
	}
	Bone "b_mouth01_Bone" {
		ParentBone "Bip01 Head_Bone"
		Translate 4.198813 -0.000045 3.983648
		RotateZYX 3.141588 -1.197304 -3.141587
		Scale 1.000000 1.000000 1.000000
	}
	Bone "b_mouth02_Bone" {
		ParentBone "b_mouth01_Bone"
		Translate 9.046222 -0.000000 0.000004
		RotateZYX -0.000000 -0.000000 -0.000000
		Scale 1.000000 1.000000 1.000000
	}
	Bone "b_hair05_Bone" {
		ParentBone "Bip01 Head_Bone"
		Translate 12.553684 -10.617261 5.377814
		RotateZYX -1.543889 -0.269349 2.744257
		Scale 0.999999 1.000000 1.000000
	}
	Bone "b_hair06_Bone" {
		ParentBone "b_hair05_Bone"
		Translate 10.464796 -0.000000 0.000003
		RotateZYX -0.000000 0.000000 -0.000000
		Scale 1.000000 1.000000 1.000000
	}
	Bone "b_hair01_Bone" {
		ParentBone "Bip01 Head_Bone"
		Translate 19.743998 -3.284713 14.202826
		RotateZYX -1.536391 -0.108505 2.634958
		Scale 1.000000 1.000000 1.000000
	}
	Bone "b_hair02_Bone" {
		ParentBone "b_hair01_Bone"
		Translate 12.717251 -0.000002 0.000000
		RotateZYX 0.000000 -0.000000 0.000000
		Scale 1.000000 1.000000 1.000000
	}
	Bone "b_hair03_Bone" {
		ParentBone "Bip01 Head_Bone"
		Translate 15.198559 9.475554 6.123837
		RotateZYX -1.561852 -0.180207 3.010584
		Scale 1.000000 1.000000 1.000000
	}
	Bone "b_hair04_Bone" {
		ParentBone "b_hair03_Bone"
		Translate 12.113161 0.000001 0.000002
		RotateZYX -0.000000 -0.000000 -0.000000
		Scale 1.000000 1.000000 1.000000
	}
	Bone "Bip01 L Clavicle_Bone" {
		ParentBone "Bip01 Neck_Bone"
		Translate -3.685310 -6.245206 -1.155391
		RotateZYX 3.058598 0.013370 -1.949337
		Scale 1.000000 1.000000 1.000000
	}
	Bone "Bip01 L UpperArm_Bone" {
		ParentBone "Bip01 L Clavicle_Bone"
		Translate 8.882564 -0.000006 -0.000001
		RotateZYX 0.033239 0.059612 0.313951
		Scale 1.000000 1.000000 1.000000
	}
	Bone "Bip01 L Forearm_Bone" {
		ParentBone "Bip01 L UpperArm_Bone"
		Translate 22.264132 0.000006 0.000000
		RotateZYX -0.000000 0.186931 -0.000000
		Scale 1.000000 1.000000 1.000000
	}
	Bone "Bip01 L Hand_Bone" {
		ParentBone "Bip01 L Forearm_Bone"
		Translate 27.221565 -0.000002 -0.000001
		RotateZYX -1.536142 -0.033364 0.035854
		Scale 1.000000 1.000000 1.000000
	}
	Bone "Bip01 L Finger0_Bone" {
		ParentBone "Bip01 L Hand_Bone"
		Translate 7.673425 0.103349 -0.004891
		RotateZYX -0.000816 -0.217437 0.000176
		Scale 1.000000 1.000000 1.000000
	}
	Bone "Bip01 L Finger0Nub_Bone" {
		ParentBone "Bip01 L Finger0_Bone"
		Translate 6.867376 -0.000000 -0.000005
		RotateZYX 0.000000 -0.000000 -0.000000
		Scale 1.000000 1.000000 1.000000
	}
	Bone "Bip01 R Clavicle_Bone" {
		ParentBone "Bip01 Neck_Bone"
		Translate -3.685310 6.245218 -1.155356
		RotateZYX -3.058600 0.013364 1.949337
		Scale 1.000000 1.000000 1.000000
	}
	Bone "Bip01 R UpperArm_Bone" {
		ParentBone "Bip01 R Clavicle_Bone"
		Translate 8.882564 0.000011 0.000000
		RotateZYX -0.033239 0.059612 -0.313951
		Scale 1.000000 1.000000 1.000000
	}
	Bone "Bip01 R Forearm_Bone" {
		ParentBone "Bip01 R UpperArm_Bone"
		Translate 22.264133 -0.000004 0.000000
		RotateZYX 0.000000 0.186931 -0.000000
		Scale 1.000000 1.000000 1.000000
	}
	Bone "Bip01 R Hand_Bone" {
		ParentBone "Bip01 R Forearm_Bone"
		Translate 27.221563 0.000006 -0.000000
		RotateZYX 1.536142 -0.033364 -0.035854
		Scale 1.000000 1.000000 1.000000
		BlindData "per3Helper" 500 1090252779 1066449523 1075926096 -1127707551 1023790549 -1107931374 1065217354 0 0
	}
	Bone "Bip01 R Finger0_Bone" {
		ParentBone "Bip01 R Hand_Bone"
		Translate 7.673425 -0.103349 -0.004886
		RotateZYX 0.000816 -0.217437 -0.000176
		Scale 1.000000 1.000000 1.000000
	}
	Bone "Bip01 R Finger0Nub_Bone" {
		ParentBone "Bip01 R Finger0_Bone"
		Translate 6.867376 0.000000 -0.000004
		RotateZYX -3.141593 -0.000000 -3.141593
		Scale -1.000000 -1.000000 -1.000000
	}
	
	
	
	Bone "rapier_Bone" {
		BoundingBox -2.984365 -111.802742 -1.677939 3.359408 13.395472 1.679934
		ParentBone "Bip01 R Hand_Bone"
		Translate 7.363614 -2.770528 2.162298
		RotateZYX 0.000000 0.000000 0.000000
		Scale 1.000000 1.000000 1.000000
		DrawPart "mesh58"
	}
	
	
	Bone "gun_Bone" {
		BoundingBox -1.498839 -6.253355 -10.933803 1.473705 10.500320 12.767905
		ParentBone "Bip01 R Hand_Bone"
		Translate 13.363614 -2.770528 2.162298
		RotateZYX 1.747094 -1.504403 -1.723241
		Scale 0.999999 0.999998 1.000002
		DrawPart "mesh0"
		}
	Bone "b_ribbon01_Bone" {
		ParentBone "Bip01 Spine3_Bone"
		Translate 20.881430 -0.000014 6.742890
		RotateZYX -1.570805 -0.456753 -3.132855
		Scale 1.000000 1.000000 1.000000
	}
	Bone "b_ribbon02_Bone" {
		ParentBone "b_ribbon01_Bone"
		Translate 11.691957 -0.000001 -0.000000
		RotateZYX -0.000000 0.000000 0.000000
		Scale 1.000000 1.000000 1.000000
	}
	Bone "b_l_headphone01_Bone" {
		ParentBone "Bip01 Spine3_Bone"
		Translate 22.452068 -5.848342 -3.954854
		RotateZYX 2.298298 -1.207940 -2.332054
		Scale 1.000000 1.000000 1.000000
	}
	Bone "b_l_headphone02_Bone" {
		ParentBone "b_l_headphone01_Bone"
		Translate 5.713904 0.000000 0.000053
		RotateZYX -0.010365 -0.422388 0.025280
		Scale 1.000000 1.000000 1.000000
	}
	Bone "b_l_headphone03_Bone" {
		ParentBone "b_l_headphone02_Bone"
		Translate 8.438098 -0.000000 -0.000451
		RotateZYX -0.000000 -0.416320 0.000000
		Scale 1.000000 1.000000 1.000000
	}
	Bone "b_l_headphone04_Bone" {
		ParentBone "b_l_headphone03_Bone"
		Translate 6.507729 -0.000000 0.000009
		RotateZYX 0.000000 -0.000000 -0.000000
		Scale 1.000000 1.000000 1.000000
	}
	Bone "b_l_headphone05_Bone" {
		ParentBone "b_l_headphone01_Bone"
		Translate 5.865702 -1.887863 0.057712
		RotateZYX 1.738798 -0.502835 -0.351279
		Scale 1.000000 1.000000 1.000000
	}
	Bone "b_l_headphone06_Bone" {
		ParentBone "b_l_headphone05_Bone"
		Translate 7.944161 -0.000001 0.000006
		RotateZYX 0.000000 -0.000000 0.000000
		Scale 1.000000 1.000000 1.000000
	}
	Bone "b_r_headphone01_Bone" {
		ParentBone "Bip01 Spine3_Bone"
		Translate 22.452068 5.847961 -3.954839
		RotateZYX -0.843288 1.207942 -0.809532
		Scale -1.000000 -1.000000 -1.000000
	}
	Bone "b_r_headphone02_Bone" {
		ParentBone "b_r_headphone01_Bone"
		Translate 5.713902 0.000000 0.000054
		RotateZYX -0.047113 -0.432291 0.115796
		Scale 1.000000 1.000000 1.000000
	}
	Bone "b_r_headphone03_Bone" {
		ParentBone "b_r_headphone02_Bone"
		Translate 9.908416 -0.000001 -0.000512
		RotateZYX 0.064793 -0.494760 -0.148288
		Scale 1.000000 1.000000 1.000000
	}
	Bone "b_r_headphone04_Bone" {
		ParentBone "b_r_headphone03_Bone"
		Translate 5.158674 0.000000 0.000009
		RotateZYX -0.008632 0.094217 0.048580
		Scale 1.000000 1.000000 1.000000
	}
	Bone "b_player01_Bone" {
		ParentBone "Bip01 Spine3_Bone"
		Translate 12.421512 0.071121 11.118778
		RotateZYX -1.570804 -0.272231 -3.133839
		Scale 1.000000 1.000000 1.000000
	}
	Bone "b_player02_Bone" {
		ParentBone "b_player01_Bone"
		Translate 9.527594 -0.000002 0.000000
		RotateZYX 0.000773 0.007713 0.099813
		Scale 1.000000 1.000000 1.000000
	}
	Bone "b_player03_Bone" {
		ParentBone "b_player02_Bone"
		Translate 11.433209 -0.000000 0.000001
		RotateZYX -0.001448 -0.008054 0.177839
		Scale 1.000000 1.000000 1.000000
	}
	Bone "b_player04_Bone" {
		ParentBone "b_player03_Bone"
		Translate 9.024989 0.000000 -0.000000
		RotateZYX 0.000000 0.000937 -0.000000
		Scale 1.000000 1.000000 1.000000
	}
	Bone "b_player05_Bone" {
		ParentBone "b_player03_Bone"
		Translate 1.092743 0.145249 0.914033
		RotateZYX -2.939033 -0.647750 2.745396
		Scale 1.000000 1.000000 1.000000
	}
	Bone "b_player06_Bone" {
		ParentBone "b_player05_Bone"
		Translate 16.158783 0.000001 -0.000006
		RotateZYX 0.000000 0.000000 -0.000000
		Scale 1.000000 1.000000 1.000000
	}
	Bone "b_suso_l_f01_Bone" {
		ParentBone "Bip01 Spine3_Bone"
		Translate 12.671910 -7.078484 10.548959
		RotateZYX -1.556698 -0.300759 3.094034
		Scale 0.999999 1.000000 1.000000
	}
	Bone "b_suso_l_f02_Bone" {
		ParentBone "b_suso_l_f01_Bone"
		Translate 9.200829 0.000000 0.000000
		RotateZYX -0.314314 -0.174826 0.379359
		Scale 1.000000 1.000000 1.000000
	}
	Bone "b_suso_l_f03_Bone" {
		ParentBone "b_suso_l_f02_Bone"
		Translate 22.114210 -0.000000 0.000033
		RotateZYX -0.407252 -0.223858 -0.039871
		Scale 1.000000 1.000000 1.000000
	}
	Bone "b_suso_l_f04_Bone" {
		ParentBone "b_suso_l_f03_Bone"
		Translate 21.907484 -0.000002 -0.000002
		RotateZYX -0.000000 0.000000 -0.000000
		Scale 1.000000 1.000000 1.000000
	}
	Bone "b_suso_r_f01_Bone" {
		ParentBone "Bip01 Spine3_Bone"
		Translate 12.671910 7.077971 10.548974
		RotateZYX 1.584898 0.300758 0.047560
		Scale -1.000000 -1.000001 -1.000000
	}
	Bone "b_suso_r_f02_Bone" {
		ParentBone "b_suso_r_f01_Bone"
		Translate 9.200829 -0.000001 -0.000000
		RotateZYX -0.314314 -0.174826 0.379359
		Scale 1.000000 1.000000 1.000000
	}
	Bone "b_suso_r_f03_Bone" {
		ParentBone "b_suso_r_f02_Bone"
		Translate 22.114206 0.000000 0.000033
		RotateZYX -0.407252 -0.223858 -0.039871
		Scale 1.000000 1.000000 1.000000
	}
	Bone "b_suso_r_f04_Bone" {
		ParentBone "b_suso_r_f03_Bone"
		Translate 21.907492 -0.000002 -0.000002
		RotateZYX 0.000000 0.000000 -0.000000
		Scale 1.000000 1.000000 1.000000
	}
	Bone "b_suso_b01_Bone" {
		ParentBone "Bip01 Spine3_Bone"
		Translate 3.478716 0.073151 -9.260545
		RotateZYX -1.570803 -0.101889 -3.134239
		Scale 1.000000 1.000000 1.000000
	}
	Bone "b_suso_b02_Bone" {
		ParentBone "b_suso_b01_Bone"
		Translate 20.089176 0.000001 -0.000002
		RotateZYX -0.000000 -0.000000 0.338477
		Scale 1.000000 1.000000 1.000000
	}
	Bone "b_suso_b03_Bone" {
		ParentBone "b_suso_b02_Bone"
		Translate 20.089163 0.000001 -0.000001
		RotateZYX -0.000000 -0.000000 0.000000
		Scale 1.000000 1.000000 1.000000
	}
	Bone "b_suso_l_s01_Bone" {
		ParentBone "Bip01 Spine2_Bone"
		Translate 11.286423 -11.452393 1.506100
		RotateZYX -1.567393 0.122700 -2.961084
		Scale 1.000000 1.000000 1.000000
	}
	Bone "b_suso_l_s02_Bone" {
		ParentBone "b_suso_l_s01_Bone"
		Translate 14.424329 -0.000001 0.000195
		RotateZYX -0.062023 -0.146783 0.161855
		Scale 1.000000 1.000000 1.000000
	}
	Bone "b_suso_l_s03_Bone" {
		ParentBone "b_suso_l_s02_Bone"
		Translate 16.390158 -0.000000 -0.000002
		RotateZYX -0.000000 -0.000000 0.000000
		Scale 1.000000 1.000000 1.000000
	}
	Bone "b_suso_r_s01_Bone" {
		ParentBone "Bip01 Spine2_Bone"
		Translate 11.286427 11.451989 1.506134
		RotateZYX 1.574203 -0.122700 -0.180510
		Scale -1.000000 -1.000000 -1.000000
	}
	Bone "b_suso_r_s02_Bone" {
		ParentBone "b_suso_r_s01_Bone"
		Translate 14.424326 -0.000001 0.000196
		RotateZYX -0.062023 -0.146783 0.161855
		Scale 1.000000 1.000000 1.000000
	}
	Bone "b_suso_r_s03_Bone" {
		ParentBone "b_suso_r_s02_Bone"
		Translate 16.390154 0.000001 -0.000003
		RotateZYX 0.000000 -0.000000 -0.000000
		Scale 1.000000 1.000000 1.000000
	}
	Bone "Bip01 L Thigh_Bone" {
		ParentBone "Bip01 Spine_Bone"
		Translate -0.045975 -7.091351 0.000145
		RotateZYX 0.000197 0.036404 -3.132461
		Scale 1.000000 1.000000 1.000000
	}
	Bone "Bip01 L Calf_Bone" {
		ParentBone "Bip01 L Thigh_Bone"
		Translate 30.785545 -0.000000 -0.000000
		RotateZYX -0.000000 0.030037 -0.000000
		Scale 1.000000 1.000000 1.000000
	}
	Bone "Bip01 L Foot_Bone" {
		ParentBone "Bip01 L Calf_Bone"
		Translate 43.924591 0.000000 -0.000000
		RotateZYX 0.000407 -0.067237 -0.009145
		Scale 1.000000 1.000000 1.000000
	}
	Bone "Bip01 L Toe0_Bone" {
		ParentBone "Bip01 L Foot_Bone"
		Translate 10.851836 0.000000 12.015262
		RotateZYX -0.000000 -1.570796 0.000000
		Scale 1.000000 1.000000 1.000000
	}
	Bone "Bip01 L Toe0Nub_Bone" {
		ParentBone "Bip01 L Toe0_Bone"
		Translate 9.259251 0.000000 -0.000000
		RotateZYX 3.141593 -0.000000 3.141593
		Scale -1.000000 -1.000000 -1.000000
	}
	Bone "Bip01 R Thigh_Bone" {
		ParentBone "Bip01 Spine_Bone"
		Translate -0.045975 7.091351 0.000185
		RotateZYX -0.000203 0.036404 3.132461
		Scale 1.000000 1.000000 1.000000
	}
	Bone "Bip01 R Calf_Bone" {
		ParentBone "Bip01 R Thigh_Bone"
		Translate 30.785545 0.000000 0.000000
		RotateZYX 0.000000 0.030037 -0.000000
		Scale 1.000000 1.000000 1.000000
	}
	Bone "Bip01 R Foot_Bone" {
		ParentBone "Bip01 R Calf_Bone"
		Translate 43.924587 0.000000 -0.000001
		RotateZYX -0.000407 -0.067237 0.009145
		Scale 1.000000 1.000000 1.000000
	}
	Bone "Bip01 R Toe0_Bone" {
		ParentBone "Bip01 R Foot_Bone"
		Translate 10.851836 0.000000 12.015262
		RotateZYX -0.000000 -1.570796 0.000000
		Scale 1.000000 1.000000 1.000000
	}
	Bone "Bip01 R Toe0Nub_Bone" {
		ParentBone "Bip01 R Toe0_Bone"
		Translate 9.259251 0.000000 -0.000000
		RotateZYX 0.000000 0.000000 -0.000000
		Scale 1.000000 1.000000 1.000000
	}
	Bone "player_Bone" {
		BoundingBox -60.672295 -21.580917 -15.414425 60.672295 153.913589 15.432795
		ParentBone "player_root_Bone"
		BlendBones 45 "b_ribbon01_Bone" "Bip01 Head_Bone" "b_hair03_Bone" "b_hair05_Bone" "b_hair01_Bone" "Bip01 Neck1_Bone" "Bip01 Spine3_Bone" "b_l_headphone03_Bone" "b_l_headphone01_Bone" "b_l_headphone05_Bone" "b_player05_Bone" "b_player03_Bone" "b_r_headphone03_Bone" "b_r_headphone01_Bone" "b_player02_Bone" "Bip01 L Clavicle_Bone" "Bip01 L UpperArm_Bone" "b_suso_b01_Bone" "b_suso_b02_Bone" "b_suso_r_s01_Bone" "b_suso_r_s02_Bone" "Bip01 Spine2_Bone" "Bip01 R UpperArm_Bone" "Bip01 R Clavicle_Bone" "b_suso_l_s01_Bone" "b_suso_l_s02_Bone" "b_suso_l_f02_Bone" "b_suso_l_f03_Bone" "b_suso_r_f02_Bone" "b_suso_r_f03_Bone" "Bip01 R Forearm_Bone" "Bip01 L Forearm_Bone" "Bip01 Spine1_Bone" "Bip01 R Thigh_Bone" "Bip01 L Thigh_Bone" "Bip01 R Calf_Bone" "Bip01 R Foot_Bone" "Bip01 R Toe0_Bone" "Bip01 L Calf_Bone" "Bip01 L Foot_Bone" "Bip01 L Toe0_Bone" "Bip01 L Hand_Bone" "Bip01 L Finger0_Bone" "Bip01 R Hand_Bone" "Bip01 R Finger0_Bone"
		BlendOffsets 45 \
			0.007841 0.003846 0.999962 0.000000 \
			0.897796 0.440325 -0.008733 0.000000 \
			-0.440342 0.897830 -0.000000 0.000000 \
			-14.394264 -4.375889 0.129700 1.000000 \
			0.000000 -1.000000 -0.000001 0.000000 \
			-0.997682 -0.000000 0.068048 0.000000 \
			-0.068048 0.000001 -0.997682 0.000000 \
			9.278259 -0.000007 3.429798 1.000000 \
			-0.128519 -0.014544 0.991601 0.000000 \
			0.985312 0.111500 0.129339 0.000000 \
			-0.112445 0.993658 0.000000 0.000000 \
			4.073868 3.571384 10.136211 1.000000 \
			-0.373011 -0.078126 0.924533 0.000000 \
			0.904897 0.189531 0.381105 0.000000 \
			-0.205002 0.978762 -0.000001 0.000000 \
			6.353333 3.544104 -8.621124 1.000000 \
			-0.482384 -0.022438 0.875673 0.000000 \
			0.874595 0.043458 0.482904 0.000000 \
			-0.048891 0.998804 -0.001340 0.000000 \
			9.515091 11.942138 1.796562 1.000000 \
			0.000000 -1.000000 -0.000001 0.000000 \
			-0.980027 -0.000001 0.198862 0.000000 \
			-0.198862 0.000001 -0.980027 0.000000 \
			15.585403 -0.000004 2.177860 1.000000 \
			-0.000000 -1.000000 -0.000001 0.000000 \
			-1.000000 0.000000 0.000774 0.000000 \
			-0.000774 0.000001 -1.000000 0.000000 \
			35.730621 -0.000012 4.321807 1.000000 \
			0.102935 -0.968757 -0.225644 0.000000 \
			0.885058 -0.014328 0.465261 0.000000 \
			-0.453958 -0.247599 0.855931 0.000000 \
			-20.121429 8.027771 -4.285904 1.000000 \
			0.256969 -0.964225 -0.065098 0.000000 \
			0.245577 0.000001 0.969377 0.000000 \
			-0.934697 -0.265086 0.236792 0.000000 \
			2.983597 7.835855 -14.447281 1.000000 \
			0.470760 -0.191917 0.861135 0.000000 \
			0.669193 0.713744 -0.206761 0.000000 \
			-0.574949 0.673600 0.464432 0.000000 \
			-12.293030 -11.015938 -6.386097 1.000000 \
			0.597422 -0.157602 -0.786288 0.000000 \
			-0.742572 0.261479 -0.616617 0.000000 \
			0.302778 0.952255 0.039183 0.000000 \
			36.118889 -0.976574 28.811981 1.000000 \
			0.008351 0.000630 0.999965 0.000000 \
			0.999946 -0.006188 -0.008347 0.000000 \
			0.006183 0.999981 -0.000681 0.000000 \
			-43.685860 11.556934 0.358412 1.000000 \
			-0.138772 0.969747 0.200832 0.000000 \
			0.923111 0.053228 0.380833 0.000000 \
			-0.358622 -0.238239 0.902570 0.000000 \
			-22.130020 5.856114 -2.040115 1.000000 \
			-0.256968 0.964225 0.065099 0.000000 \
			0.245578 0.000000 0.969377 0.000000 \
			-0.934698 -0.265086 0.236792 0.000000 \
			2.983692 7.835495 -14.447296 1.000000 \
			-0.000075 0.002097 0.999998 0.000000 \
			0.985306 0.170797 -0.000284 0.000000 \
			-0.170797 0.985304 -0.002079 0.000000 \
			-33.609520 3.646772 -0.010188 1.000000 \
			0.929122 -0.367263 -0.043015 0.000000 \
			0.367604 0.929982 0.000022 0.000000 \
			0.039995 -0.015833 0.999074 0.000000 \
			-13.058083 -15.279030 -6.414551 1.000000 \
			0.771484 -0.635793 0.024095 0.000000 \
			0.635700 0.771838 0.012319 0.000000 \
			-0.026430 0.005814 0.999634 0.000000 \
			-25.159058 -8.015694 -7.665373 1.000000 \
			0.007316 0.000742 0.999973 0.000000 \
			0.994866 0.100940 -0.007353 0.000000 \
			-0.100943 0.994893 -0.000000 0.000000 \
			-30.701721 -16.792213 0.310223 1.000000 \
			0.007147 -0.001729 0.999973 0.000000 \
			0.971936 -0.235133 -0.007353 0.000000 \
			0.235139 0.971962 -0.000000 0.000000 \
			-53.484985 1.025700 0.310231 1.000000 \
			-0.178181 0.018623 -0.983822 0.000000 \
			0.983896 0.017774 -0.177858 0.000000 \
			-0.014174 0.999669 0.021490 0.000000 \
			-41.000870 -2.758762 -4.266838 1.000000 \
			-0.314882 0.105761 -0.943220 0.000000 \
			0.937415 -0.121007 -0.326513 0.000000 \
			0.148668 0.987002 0.061039 0.000000 \
			-55.176453 5.958812 4.221680 1.000000 \
			-0.000000 -1.000000 -0.000001 0.000000 \
			-0.990340 0.000000 -0.138662 0.000000 \
			0.138662 0.000001 -0.990340 0.000000 \
			50.219749 -0.000026 9.247888 1.000000 \
			-0.771484 -0.635793 -0.024098 0.000000 \
			0.635700 -0.771838 0.012318 0.000000 \
			-0.026432 -0.005816 0.999634 0.000000 \
			-25.159050 8.015686 -7.665372 1.000000 \
			-0.929123 -0.367263 0.043012 0.000000 \
			0.367604 -0.929982 0.000022 0.000000 \
			0.039993 0.015832 0.999075 0.000000 \
			-13.058083 15.279037 -6.414549 1.000000 \
			0.178180 -0.018623 0.983822 0.000000 \
			0.983896 0.017774 -0.177857 0.000000 \
			-0.014174 0.999669 0.021490 0.000000 \
			-41.000923 -2.758760 -4.267244 1.000000 \
			0.314882 -0.105761 0.943220 0.000000 \
			0.937415 -0.121007 -0.326512 0.000000 \
			0.148668 0.987002 0.061039 0.000000 \
			-55.176552 5.958848 4.221291 1.000000 \
			0.132222 -0.290413 0.947722 0.000000 \
			0.988325 -0.034404 -0.148429 0.000000 \
			0.075711 0.956283 0.282474 0.000000 \
			-31.676468 11.567778 0.936024 1.000000 \
			0.350496 -0.614990 0.706358 0.000000 \
			0.931286 0.148886 -0.332478 0.000000 \
			0.099304 0.774352 0.624915 0.000000 \
			-52.648636 3.516470 15.616741 1.000000 \
			-0.132222 0.290412 -0.947722 0.000000 \
			0.988324 -0.034404 -0.148429 0.000000 \
			0.075711 0.956283 0.282473 0.000000 \
			-31.676376 11.567631 0.936462 1.000000 \
			-0.350496 0.614989 -0.706358 0.000000 \
			0.931285 0.148886 -0.332477 0.000000 \
			0.099303 0.774352 0.624914 0.000000 \
			-52.648438 3.516178 15.617065 1.000000 \
			-0.753566 -0.635793 -0.167054 0.000000 \
			0.622336 -0.771838 0.130245 0.000000 \
			-0.211747 -0.005816 0.977307 0.000000 \
			-45.172493 8.015686 -16.345146 1.000000 \
			0.753567 -0.635793 0.167051 0.000000 \
			0.622336 0.771838 0.130245 0.000000 \
			-0.211745 0.005814 0.977308 0.000000 \
			-45.172474 -8.015701 -16.345144 1.000000 \
			-0.000000 -1.000000 -0.000001 0.000000 \
			-1.000000 0.000000 0.000796 0.000000 \
			-0.000796 0.000001 -1.000000 0.000000 \
			68.138977 -0.000006 2.142156 1.000000 \
			-0.009125 0.999959 -0.000131 0.000000 \
			0.999267 0.009124 0.037192 0.000000 \
			0.037192 0.000209 -0.999308 0.000000 \
			-68.440353 6.467034 -0.361543 1.000000 \
			0.009125 0.999959 0.000134 0.000000 \
			0.999267 -0.009124 0.037192 0.000000 \
			0.037192 -0.000206 -0.999308 0.000000 \
			-68.440346 -6.467036 -0.361544 1.000000 \
			-0.009117 0.999959 -0.000405 0.000000 \
			0.997699 0.009124 0.067186 0.000000 \
			0.067187 0.000209 -0.997740 0.000000 \
			-99.170288 6.467034 -3.341420 1.000000 \
			0.000000 1.000000 0.000002 0.000000 \
			1.000000 -0.000000 0.000000 0.000000 \
			0.000000 0.000002 -1.000000 0.000000 \
			-142.931061 7.772764 6.278911 1.000000 \
			0.000002 1.000000 -0.000000 0.000000 \
			0.000000 -0.000000 -1.000000 0.000000 \
			-1.000000 0.000002 -0.000000 0.000000 \
			-5.736344 7.772765 153.782913 1.000000 \
			0.009117 0.999959 0.000408 0.000000 \
			0.997699 -0.009124 0.067186 0.000000 \
			0.067187 -0.000206 -0.997740 0.000000 \
			-99.170288 -6.467035 -3.341419 1.000000 \
			0.000000 1.000000 0.000002 0.000000 \
			1.000000 -0.000000 0.000000 0.000000 \
			0.000000 0.000002 -1.000000 0.000000 \
			-142.931076 -7.772740 6.278910 1.000000 \
			0.000002 1.000000 -0.000000 0.000000 \
			0.000000 -0.000000 -1.000000 0.000000 \
			-1.000000 0.000002 -0.000000 0.000000 \
			-5.736363 -7.772741 153.782913 1.000000 \
			0.735457 -0.165462 -0.657058 0.000000 \
			0.653587 -0.082486 0.752343 0.000000 \
			-0.178682 -0.982761 0.047479 0.000000 \
			-73.139664 13.717148 -5.894279 1.000000 \
			0.576366 -0.164939 -0.800374 0.000000 \
			0.800484 -0.083085 0.593567 0.000000 \
			-0.164401 -0.982798 0.084144 0.000000 \
			-80.178406 13.618483 11.693474 1.000000 \
			-0.735457 -0.165465 0.657058 0.000000 \
			0.653587 0.082486 0.752343 0.000000 \
			-0.178685 0.982760 0.047481 0.000000 \
			-73.139664 -13.717145 -5.894279 1.000000 \
			-0.576366 -0.164942 0.800374 0.000000 \
			0.800484 0.083085 0.593567 0.000000 \
			-0.164403 0.982798 0.084146 0.000000 \
			-80.178406 -13.618484 11.693481 1.000000
		Translate 0.000000 -153.807007 1.668533
		RotateZYX 0.000000 0.000000 0.000000
		Scale 1.000000 1.000000 1.000000
		DrawPart "mesh1"
		DrawPart "mesh2"
		DrawPart "mesh3"
		DrawPart "mesh4"
		DrawPart "mesh5"
		DrawPart "mesh6"
		DrawPart "mesh7"
		DrawPart "mesh8"
		DrawPart "mesh9"
		DrawPart "mesh10"
		DrawPart "mesh11"
		DrawPart "mesh12"
		DrawPart "mesh13"
		DrawPart "mesh14"
		DrawPart "mesh15"
		DrawPart "mesh16"
		DrawPart "mesh17"
		DrawPart "mesh18"
		DrawPart "mesh19"
		DrawPart "mesh20"
		DrawPart "mesh21"
		DrawPart "mesh22"
		DrawPart "mesh23"
		DrawPart "mesh24"
		DrawPart "mesh25"
		DrawPart "mesh26"
		DrawPart "mesh27"
		DrawPart "mesh28"
		DrawPart "mesh29"
		DrawPart "mesh30"
		DrawPart "mesh31"
		DrawPart "mesh32"
		DrawPart "mesh33"
		DrawPart "mesh34"
		DrawPart "mesh35"
		DrawPart "mesh36"
		DrawPart "mesh37"
		DrawPart "mesh38"
		DrawPart "mesh39"
		DrawPart "mesh40"
		DrawPart "mesh41"
		DrawPart "mesh42"
		DrawPart "mesh43"
		DrawPart "mesh44"
		DrawPart "mesh45"
		DrawPart "mesh46"
		DrawPart "mesh47"
		DrawPart "mesh48"
		DrawPart "mesh49"
		DrawPart "mesh50"
		DrawPart "mesh51"
		DrawPart "mesh52"
		DrawPart "mesh53"
		DrawPart "mesh54"
		DrawPart "mesh55"
		DrawPart "mesh56"
		DrawPart "mesh57"

	}
	Part "mesh0" {
		Mesh "gun_0_Mesh" {
			SetMaterial "player_root_Model_0_Material"
			DrawArrays "gun_0_Arrays" TRIANGLE_STRIP 5 2 0 1 2 3 4 5 6 7 8 9
			DrawArrays "gun_0_Arrays" TRIANGLE_STRIP 4 7 10 11 12 13 14 15 16 17 18 19 20 21 22 23 24 25 26 27 28 29 30 31 32 33 34 35 36 37
			DrawArrays "gun_0_Arrays" TRIANGLES 15 1 38 39 40 41 42 43 44 45 46 47 48 49 50 51 52
		}
		Arrays "gun_0_Arrays" VERTEX|NORMAL|TEXCOORD 53 1 0 {
			1.473137 -1.320122 10.992100 0.725189 0.688141 -0.024017 0.957540 0.403975
			1.465103 -6.252762 10.992100 0.999969 -0.002411 0.000092 0.967356 0.014019
			1.473137 -2.865250 -4.494049 0.885101 0.390991 -0.252441 0.286256 0.284984
			1.465103 -6.252762 -10.931656 0.999969 -0.000977 -0.000977 0.002935 0.014034
			1.459747 -2.873283 -10.934334 0.447052 0.894501 -0.002045 0.002859 0.268303
			-1.461813 -6.252762 -10.931656 -1.000000 -0.000977 -0.000977 0.006051 0.013989
			-1.461813 -6.252762 10.992100 -1.000000 -0.002411 0.000092 0.964830 0.013973
			-1.472525 -2.865250 -4.494049 -0.794647 0.563080 -0.226929 0.288525 0.280250
			-1.472525 -1.320122 10.992100 -0.725189 0.688141 -0.024017 0.957933 0.402175
			0.000305 -1.196938 -4.496727 0.000000 0.899963 -0.435974 0.285500 0.412580
			-1.461813 -6.252762 -10.931656 0.000000 -0.707275 -0.706940 0.015504 0.674078
			-1.459135 -2.873283 -10.934334 0.000000 -0.000488 -1.000000 0.017713 0.958775
			1.465103 -6.252762 -10.931656 0.000000 -0.707275 -0.706940 0.154601 0.667060
			1.459747 -2.873283 -10.934334 0.000000 -0.000488 -1.000000 0.153331 0.972824
			1.465103 -6.252762 10.992100 0.000000 0.000000 0.999969 0.314057 0.435839
			1.473137 -1.320122 10.992100 0.000000 0.000000 0.999969 0.320456 0.905374
			-1.461813 -6.252762 10.992100 0.000000 0.000000 0.999969 0.209326 0.439484
			-1.472525 -1.320122 10.992100 0.000000 0.000000 0.999969 0.215044 0.909049
			1.465103 -6.252762 10.992100 0.000000 -1.000000 -0.000031 0.189814 0.273672
			-1.461813 -6.252762 10.992100 0.000000 -1.000000 -0.000031 0.189738 0.387369
			1.465103 -6.252762 -10.931656 0.000000 -0.707275 -0.706940 0.003434 0.273672
			-1.461813 -6.252762 -10.931656 0.000000 -0.707275 -0.706940 0.003434 0.387369
			-1.459135 -2.873283 -10.934334 -0.706787 0.707428 -0.002319 0.377782 0.630840
			-1.472525 -2.865250 -4.494049 -0.794647 0.563080 -0.226929 0.009424 0.631853
			1.459747 -2.873283 -10.934334 0.447052 0.894501 -0.002045 0.377782 0.457950
			1.473137 -2.865250 -4.494049 0.885101 0.390991 -0.252441 0.009424 0.456952
			1.473137 -1.322800 8.715904 0.794830 -0.217224 0.566650 0.024686 0.451810
			1.446358 9.147690 12.767529 0.790558 -0.223694 0.570068 0.358028 0.442327
			-1.472525 -1.322800 8.715904 -0.485382 -0.316681 0.814911 0.024686 0.630341
			-1.499304 9.147690 12.767529 -0.968933 -0.094849 0.228394 0.358709 0.620859
			0.000305 10.500019 6.964577 0.004181 0.323944 -0.946075 0.803877 0.980341
			1.446358 9.147690 12.767529 0.790558 -0.223694 0.570068 0.969776 0.779034
			0.000305 -1.204971 2.955795 0.001465 0.343292 -0.939240 0.602416 0.401071
			1.473137 -1.322800 8.715904 0.794830 -0.217224 0.566650 0.839876 0.377947
			0.000305 10.500019 6.964577 0.004181 0.323944 -0.946075 0.804361 0.980144
			0.000305 -1.204971 2.955795 0.001465 0.343292 -0.939240 0.603702 0.402916
			-1.499304 9.147690 12.767529 -0.968933 -0.094849 0.228394 0.972166 0.778943
			-1.472525 -1.322800 8.715904 -0.485382 -0.316681 0.814911 0.840421 0.377690
			1.473137 -1.320122 10.992100 0.725189 0.688141 -0.024017 0.957540 0.403975
			1.473137 -2.865250 -4.494049 0.885101 0.390991 -0.252441 0.286256 0.284984
			0.000305 -1.196938 -4.496727 0.000000 0.899963 -0.435974 0.287527 0.403430
			1.473137 -1.320122 10.992100 0.725189 0.688141 -0.024017 0.364351 0.619407
			0.000305 -1.196938 -4.496727 0.000000 0.899963 -0.435974 0.012933 0.452536
			-1.472525 -1.320122 10.992100 -0.725189 0.688141 -0.024017 0.367678 0.451946
			-1.459135 -2.873283 -10.934334 -0.706787 0.707428 -0.002319 0.007321 0.269044
			-1.461813 -6.252762 -10.931656 -1.000000 -0.000977 -0.000977 0.006051 0.013989
			-1.472525 -2.865250 -4.494049 -0.794647 0.563080 -0.226929 0.288525 0.280250
			1.473137 -2.865250 -4.494049 0.885101 0.390991 -0.252441 0.364563 0.456952
			-1.472525 -2.865250 -4.494049 -0.794647 0.563080 -0.226929 0.364563 0.631853
			0.000305 -1.196938 -4.496727 0.000000 0.899963 -0.435974 0.007049 0.632186
			0.000305 10.500019 6.964577 0.000000 0.973907 0.226898 0.365425 0.621524
			-1.499304 9.147690 12.767529 0.000000 0.973907 0.226898 0.364215 0.452732
			1.446358 9.147690 12.767529 0.000000 0.973907 0.226898 0.356304 0.635755
		}
	}
	Part "mesh1" {
		Mesh "player_0_Mesh-0000" {
			SetMaterial "player_root_Model_1_Material"
			BlendSubset 4 0 8 9 10
			DrawArrays "player_0_Arrays-0000" TRIANGLES 42 1 0 1 2 2 1 3 1 4 3 3 4 5 6 7 8 7 9 8 10 11 12 11 13 12 14 15 16 15 17 16 18 19 20 19 21 20 22 23 24 23 25 24
		}
		Arrays "player_0_Arrays-0000" VERTEX|NORMAL|TEXCOORD|WEIGHT4 26 1 VERTEX|NORMAL|TEXCOORD|WEIGHT6 {
			8.606995 16.420799 1.314262 0.261505 -0.789490 -0.555267 0.214590 0.832979 0.000000 1.000000 0.000000 0.000000
			9.913797 16.227993 2.251518 0.329254 -0.803497 -0.495972 0.213773 0.849841 0.000000 0.000000 1.000000 0.000000
			8.542725 16.110165 1.788246 0.295288 -0.864288 -0.407227 0.275804 0.832964 0.000000 1.000000 0.000000 0.000000
			10.045013 15.914680 2.859390 0.427155 -0.767914 -0.477356 0.275789 0.850114 0.000000 0.000000 1.000000 0.000000
			12.527402 21.066910 -2.335686 0.572418 -0.558105 -0.600708 0.214151 0.869532 0.000000 0.000000 1.000000 0.000000
			12.888915 21.174026 -2.078606 0.597809 -0.366028 -0.713196 0.275033 0.869320 0.000000 0.000000 1.000000 0.000000
			0.027084 16.193180 -3.701401 -0.008759 -0.466522 -0.884460 0.205878 0.726253 1.000000 0.000000 0.000000 0.000000
			4.750854 21.867596 -5.766037 0.146423 -0.429565 -0.891083 0.205878 0.795004 1.000000 0.000000 0.000000 0.000000
			0.029762 14.166027 -2.828415 0.001709 -0.442932 -0.896545 0.269088 0.726253 1.000000 0.000000 0.000000 0.000000
			6.397747 19.452152 -4.049522 0.218933 -0.461914 -0.859467 0.269088 0.795004 1.000000 0.000000 0.000000 0.000000
			0.027084 16.193180 -3.701401 -0.008759 -0.466522 -0.884460 0.205878 0.726253 1.000000 0.000000 0.000000 0.000000
			0.029762 14.166027 -2.828415 0.001709 -0.442932 -0.896545 0.269088 0.726253 1.000000 0.000000 0.000000 0.000000
			-4.747566 22.376392 -6.207886 -0.143738 -0.446930 -0.882935 0.205878 0.794868 1.000000 0.000000 0.000000 0.000000
			-6.745258 19.730652 -4.033455 -0.255402 -0.491272 -0.832733 0.269088 0.794868 1.000000 0.000000 0.000000 0.000000
			-1.887596 16.463646 -3.254196 -0.263092 -0.505005 -0.822021 0.204350 0.705943 1.000000 0.000000 0.000000 0.000000
			-4.000439 28.404285 -9.914070 -0.185791 -0.493561 -0.849640 0.204350 0.794596 1.000000 0.000000 0.000000 0.000000
			0.027084 16.193180 -3.701401 -0.008759 -0.466522 -0.884460 0.266623 0.705943 1.000000 0.000000 0.000000 0.000000
			-0.872681 28.752411 -10.489807 -0.107208 -0.478699 -0.871399 0.266623 0.794596 1.000000 0.000000 0.000000 0.000000
			3.893936 27.094807 -9.702515 0.168152 -0.535553 -0.827576 0.204350 0.794596 1.000000 0.000000 0.000000 0.000000
			1.805193 16.463646 -3.248840 0.226563 -0.526062 -0.819702 0.204350 0.705943 1.000000 0.000000 0.000000 0.000000
			0.991119 27.633057 -10.642448 0.226563 -0.526062 -0.819702 0.266623 0.794596 1.000000 0.000000 0.000000 0.000000
			0.027084 16.193180 -3.701401 -0.008759 -0.466522 -0.884460 0.266623 0.705943 1.000000 0.000000 0.000000 0.000000
			7.699194 37.661697 -9.386528 0.497345 -0.064911 -0.865112 0.271085 0.849645 0.000000 0.000000 0.000000 1.000000
			12.888915 21.174026 -2.078606 0.597809 -0.366028 -0.713196 0.274851 0.829319 0.000000 0.000000 1.000000 0.000000
			7.380527 37.356422 -9.547195 0.432465 -0.136169 -0.891327 0.213864 0.849826 0.000000 0.000000 0.000000 1.000000
			12.527402 21.066910 -2.335686 0.572418 -0.558105 -0.600708 0.217630 0.829500 0.000000 0.000000 1.000000 0.000000
		}
	}
	Part "mesh2" {
		Mesh "player_0_Mesh-0001" {
			SetMaterial "player_root_Model_1_Material"
			BlendSubset 3 8 7 6
			DrawArrays "player_0_Arrays-0001" TRIANGLES 39 1 0 1 2 1 3 2 2 3 4 3 5 4 4 5 6 5 7 6 6 7 8 9 10 11 10 12 11 11 12 13 12 14 13 13 14 15 16 17 18
		}
		Arrays "player_0_Arrays-0001" VERTEX|NORMAL|TEXCOORD|WEIGHT3 19 1 VERTEX|NORMAL|TEXCOORD|WEIGHT6 {
			8.789089 25.592518 -7.003220 0.280121 -0.495392 -0.822266 0.876843 0.678463 0.000000 1.000000 0.000000
			11.073317 25.632687 -6.256088 0.277374 -0.499481 -0.820740 0.943064 0.678252 0.000000 1.000000 0.000000
			8.789089 25.592518 -7.003220 0.280121 -0.495392 -0.822266 0.876843 0.678463 0.000000 1.000000 0.000000
			12.337274 23.999184 -4.834137 0.280823 -0.495514 -0.821930 0.993463 0.619588 0.000000 1.000000 0.000000
			6.858343 23.862610 -6.633675 0.282440 -0.494293 -0.822144 0.815055 0.629842 0.000000 1.000000 0.000000
			12.007895 21.950607 -3.709435 0.282227 -0.495605 -0.821411 0.994129 0.552501 0.000000 1.000000 0.000000
			6.547709 21.923832 -5.570557 0.281647 -0.496429 -0.821106 0.815297 0.566127 0.000000 1.000000 0.000000
			10.433304 20.437611 -3.339882 0.281372 -0.496765 -0.821014 0.950869 0.507842 0.000000 1.000000 0.000000
			7.950914 20.386730 -4.159317 0.280457 -0.498260 -0.820404 0.869659 0.507736 0.000000 1.000000 0.000000
			8.542725 16.110165 1.788246 0.295288 -0.864288 -0.407227 0.280357 0.826430 1.000000 0.000000 0.000000
			6.346869 14.599842 7.430527 0.396729 -0.823120 0.406281 0.208389 0.864042 0.000000 0.000000 1.000000
			8.542725 16.110165 1.788246 0.295288 -0.864288 -0.407227 0.280357 0.826430 1.000000 0.000000 0.000000
			8.146400 16.005730 1.640961 0.319275 -0.851898 -0.415161 0.208389 0.826430 1.000000 0.000000 0.000000
			8.606995 16.420799 1.314262 0.261505 -0.789490 -0.555267 0.280357 0.831361 1.000000 0.000000 0.000000
			8.692686 20.708076 -3.982574 0.206390 -0.762268 -0.613464 0.208389 0.864345 0.000000 1.000000 0.000000
			9.308598 20.718788 -3.835289 0.159729 -0.768677 -0.619385 0.280357 0.864345 0.000000 1.000000 0.000000
			8.542725 16.110165 1.788246 0.295288 -0.864288 -0.407227 0.275804 0.832964 1.000000 0.000000 0.000000
			8.606995 16.420799 1.314262 0.261505 -0.789490 -0.555267 0.214590 0.832979 1.000000 0.000000 0.000000
			8.542725 16.110165 1.788246 0.295288 -0.864288 -0.407227 0.275804 0.832964 1.000000 0.000000 0.000000
		}
	}
	Part "mesh3" {
		Mesh "player_0_split_1_Mesh-0000" {
			SetMaterial "player_root_Model_1_Material"
			BlendSubset 3 10 11 14
			DrawArrays "player_0_split_1_Arrays-0000" TRIANGLES 18 1 0 1 2 1 3 2 4 5 6 5 7 6 8 9 10 9 11 10
		}
		Arrays "player_0_split_1_Arrays-0000" VERTEX|NORMAL|TEXCOORD|WEIGHT3 12 1 VERTEX|NORMAL|TEXCOORD|WEIGHT6 {
			7.699194 37.661697 -9.386528 0.497345 -0.064911 -0.865112 0.276061 0.832132 1.000000 0.000000 0.000000
			7.380527 37.356422 -9.547195 0.432465 -0.136169 -0.891327 0.214242 0.831058 1.000000 0.000000 0.000000
			0.988441 44.883926 -12.056366 0.258240 -0.101013 -0.960785 0.274186 0.866961 0.000000 1.000000 0.000000
			0.241314 44.859825 -12.120636 0.091339 -0.244293 -0.965393 0.213229 0.867294 0.000000 1.000000 0.000000
			-1.598385 44.825012 -12.134026 0.000000 0.000000 -1.000000 0.081695 0.757120 0.000000 1.000000 0.000000
			-1.598385 54.288620 -12.134026 0.000000 0.000000 -1.000000 0.081695 0.975668 0.000000 1.000000 0.000000
			1.598997 44.825012 -12.134026 0.000000 0.000000 -1.000000 0.169576 0.757120 0.000000 1.000000 0.000000
			1.598997 54.288620 -12.134026 0.000000 0.000000 -1.000000 0.169576 0.975668 0.000000 1.000000 0.000000
			-0.845903 41.978432 -12.104568 0.000000 0.000000 -1.000000 0.085718 0.707969 0.000000 0.000000 1.000000
			-0.845903 44.886604 -12.104568 0.000000 0.000000 -1.000000 0.085718 0.787790 0.000000 1.000000 0.000000
			0.758144 41.978432 -12.104568 0.000000 0.000000 -1.000000 0.165537 0.707969 0.000000 0.000000 1.000000
			0.758144 44.886604 -12.104568 0.000000 0.000000 -1.000000 0.165537 0.787790 0.000000 1.000000 0.000000
		}
	}
	Part "mesh4" {
		Mesh "player_0_split_1_Mesh-0001" {
			SetMaterial "player_root_Model_1_Material"
			BlendSubset 4 12 13 6 14
			DrawArrays "player_0_split_1_Arrays-0001" TRIANGLES 39 1 0 1 2 1 3 2 2 3 4 3 5 4 4 5 6 7 8 9 8 10 9 9 10 11 12 13 14 13 15 14 16 17 18 17 19 18 20 21 22
		}
		Arrays "player_0_split_1_Arrays-0001" VERTEX|NORMAL|TEXCOORD|WEIGHT4 23 1 VERTEX|NORMAL|TEXCOORD|WEIGHT6 {
			-7.650383 20.860714 -4.751122 -0.316833 -0.518982 -0.793915 0.872033 0.507751 1.000000 0.000000 0.000000 0.000000
			-9.688244 21.069588 -4.073624 -0.316833 -0.518982 -0.793915 0.939041 0.507827 1.000000 0.000000 0.000000 0.000000
			-6.105247 22.416557 -6.384628 -0.316833 -0.518982 -0.793915 0.815297 0.565855 1.000000 0.000000 0.000000 0.000000
			-11.544010 22.882511 -4.520828 -0.316833 -0.518982 -0.793915 0.994023 0.562785 1.000000 0.000000 0.000000 0.000000
			-6.298054 24.309814 -7.546829 -0.316833 -0.518982 -0.793915 0.815055 0.629524 1.000000 0.000000 0.000000 0.000000
			-11.744850 24.888237 -5.749969 -0.316833 -0.518982 -0.793915 0.993358 0.629902 1.000000 0.000000 0.000000 0.000000
			-10.269344 26.162907 -7.171921 -0.316833 -0.518982 -0.793915 0.939827 0.678267 1.000000 0.000000 0.000000 0.000000
			-9.077690 21.278461 -4.419067 -0.144806 -0.753815 -0.640930 0.279873 0.867899 1.000000 0.000000 0.000000 0.000000
			-8.376087 21.270428 -4.566353 -0.276367 -0.732544 -0.622070 0.204229 0.867899 1.000000 0.000000 0.000000 0.000000
			-8.338596 15.719196 1.951591 -0.291260 -0.834839 -0.467133 0.279873 0.830075 0.000000 1.000000 0.000000 0.000000
			-7.942268 15.614758 1.804314 -0.360779 -0.857849 -0.365997 0.204229 0.830075 0.000000 1.000000 0.000000 0.000000
			-6.616722 14.538254 7.526932 -0.385895 -0.836273 0.389587 0.204229 0.868080 0.000000 0.000000 1.000000 0.000000
